2356144491323718
2356149474656553
2356150954656405
2356152304656270
2356153517989482
2356154637989370
2356155524655948
2356156524655848
2356158104655690
2356160187988815
2356161991321968
2356163021321865
2356165484654952
2356170007987833
2356170924654408
2356172397987594
2356173294654171
2356174347987399
2356177074653793
2356181704653330
2356183987986435
2356186641319503
2356188364652664
2356190161319151
2356191577985676
2356193914652109
2356195677985266
2356197237985110
2356198637984970
2356199784651522
2356200877984746
2356202354651265
2356205424650958
2356207094650791
2356209637983870
2356211787983655
2356212954650205
